<svg>
	<!-- menu -->
	<g id="100">
		<path id="bounding_rect" fill="none" d="M-95.6255 -54.8222c-5.5174,0 -11.0351,0 -16.5525,0 0,-4.98987 0,-9.97945 0,-14.9693 5.5174,0 11.0351,0 16.5525,0 0,4.98987 0,9.97945 0,14.9693z"/>
		<polygon id="menu" fill="white" stroke="#1F1A17" stroke-width="0.216002" points="-109.695,-61.7555 -103.904,-67.5459 -98.1084,-61.7498 -99.6987,-61.7515 -99.6987,-57.0687 -102.08,-57.0687 -102.08,-60.4022 -106.604,-60.4022 -106.604,-57.0678 -108.191,-57.0678 -108.191,-61.7544 "/>
	</g>
	<g id="101">
		<path id="bounding_rect" fill="none" d="M-95.6255 -54.8222c-5.5174,0 -11.0351,0 -16.5525,0 0,-4.98987 0,-9.97945 0,-14.9693 5.5174,0 11.0351,0 16.5525,0 0,4.98987 0,9.97945 0,14.9693z"/>
		<polygon id="menu" fill="white" stroke="#1F1A17" stroke-width="0.216002" points="-109.695,-61.7555 -103.904,-67.5459 -98.1084,-61.7498 -99.6987,-61.7515 -99.6987,-57.0687 -102.08,-57.0687 -102.08,-60.4022 -106.604,-60.4022 -106.604,-57.0678 -108.191,-57.0678 -108.191,-61.7544 "/>
	</g>
	<g id="102">
	   <path id="bounding_rect_0" fill="none" d="M751.7 835.633c-16.6866,0 -33.3732,0 -50.0598,0 0,-16.6866 0,-33.3732 0,-50.0598 16.6866,0 33.3732,0 50.0598,0 0,16.6866 0,33.3732 0,50.0598z"/>
	   <path id="_131197104" fill="#1F1A17" fill-rule="nonzero" d="M713.981 825.516l0 -29.8264 5.94449 0 7.05591 21.1181c0.65315,1.96535 1.13268,3.43701 1.42441,4.41614 0.340157,-1.08307 0.866929,-2.67992 1.58976,-4.78465l7.13858 -20.7496 5.3126 0 0 29.8264 -3.80551 0 0 -24.965 -8.66693 24.965 -3.5622 0 -8.62441 -25.389 0 25.389 -3.80669 0z"/>
	</g>	

	<!-- next -->
	<g id="120">
	   <path id="bounding_rect_0_1" fill="none" d="M879.539 836.398c-16.6866,0 -33.3732,0 -50.0598,0 0,-16.6866 0,-33.3732 0,-50.0598 16.6866,0 33.3732,0 50.0598,0 0,16.6866 0,33.3732 0,50.0598z"/>
	   <polygon id="_131194408" fill="#1F1A17" fill-rule="nonzero" points="842.313,829.263 842.313,793.472 847.172,793.472 865.971,821.571 865.971,793.472 870.513,793.472 870.513,829.263 865.655,829.263 846.855,801.138 846.855,829.263 "/>
	</g>
	<g id="121">
	   <path id="bounding_rect_0_1" fill="none" d="M879.539 836.398c-16.6866,0 -33.3732,0 -50.0598,0 0,-16.6866 0,-33.3732 0,-50.0598 16.6866,0 33.3732,0 50.0598,0 0,16.6866 0,33.3732 0,50.0598z"/>
	   <polygon id="_131194408" fill="#1F1A17" fill-rule="nonzero" points="842.313,829.263 842.313,793.472 847.172,793.472 865.971,821.571 865.971,793.472 870.513,793.472 870.513,829.263 865.655,829.263 846.855,801.138 846.855,829.263 "/>
	</g>
	<g id="122">
	   <path id="bounding_rect_0_1" fill="none" d="M879.539 836.398c-16.6866,0 -33.3732,0 -50.0598,0 0,-16.6866 0,-33.3732 0,-50.0598 16.6866,0 33.3732,0 50.0598,0 0,16.6866 0,33.3732 0,50.0598z"/>
	   <polygon id="_131194408" fill="#1F1A17" fill-rule="nonzero" points="842.313,829.263 842.313,793.472 847.172,793.472 865.971,821.571 865.971,793.472 870.513,793.472 870.513,829.263 865.655,829.263 846.855,801.138 846.855,829.263 "/>
	</g>
	
	<!--upgrade -->
 	<g id="130">
	   <path id="bounding_rect_0_2" fill="#c3cdba" d="M944.666 836.017c-16.6866,0 -33.3732,0 -50.0598,0 0,-16.6866 0,-33.3732 0,-50.0598 16.6866,0 33.3732,0 50.0598,0 0,16.6866 0,33.3732 0,50.0598z"/>
	   <path id="_131189944" fill="#1F1A17" fill-rule="nonzero" d="M930.935 792.788l4.74213 0 0 20.6823c0,3.59173 -0.408661,6.45 -1.2248,8.56654 -0.817323,2.11772 -2.28425,3.83386 -4.40906,5.15906 -2.1248,1.33346 -4.90866,1.99134 -8.35866,1.99134 -3.34961,0 -6.09921,-0.575197 -8.22402,-1.73268 -2.13307,-1.15039 -3.65906,-2.8252 -4.56732,-5.01732 -0.916535,-2.19213 -1.36654,-5.17441 -1.36654,-8.96693l0 -20.6823 4.73386 0 0 20.6575c0,3.10866 0.291732,5.4 0.865748,6.86693 0.575197,1.4752 1.57559,2.60787 2.9752,3.40866 1.40906,0.799606 3.13346,1.2 5.16732,1.2 3.48307,0 5.96575,-0.79252 7.44921,-2.3752 1.4752,-1.57559 2.21693,-4.60866 2.21693,-9.10039l0 -20.6575z"/>
	</g>
	<g id="131">
	   <path id="bounding_rect_0_2" fill="#a3ac9a" d="M944.666 836.017c-16.6866,0 -33.3732,0 -50.0598,0 0,-16.6866 0,-33.3732 0,-50.0598 16.6866,0 33.3732,0 50.0598,0 0,16.6866 0,33.3732 0,50.0598z"/>
	   <path id="_131189944" fill="#1F1A17" fill-rule="nonzero" d="M930.935 792.788l4.74213 0 0 20.6823c0,3.59173 -0.408661,6.45 -1.2248,8.56654 -0.817323,2.11772 -2.28425,3.83386 -4.40906,5.15906 -2.1248,1.33346 -4.90866,1.99134 -8.35866,1.99134 -3.34961,0 -6.09921,-0.575197 -8.22402,-1.73268 -2.13307,-1.15039 -3.65906,-2.8252 -4.56732,-5.01732 -0.916535,-2.19213 -1.36654,-5.17441 -1.36654,-8.96693l0 -20.6823 4.73386 0 0 20.6575c0,3.10866 0.291732,5.4 0.865748,6.86693 0.575197,1.4752 1.57559,2.60787 2.9752,3.40866 1.40906,0.799606 3.13346,1.2 5.16732,1.2 3.48307,0 5.96575,-0.79252 7.44921,-2.3752 1.4752,-1.57559 2.21693,-4.60866 2.21693,-9.10039l0 -20.6575z"/>
	</g>
	<g id="132">
	   <path id="bounding_rect_0_2" fill="none" d="M944.666 836.017c-16.6866,0 -33.3732,0 -50.0598,0 0,-16.6866 0,-33.3732 0,-50.0598 16.6866,0 33.3732,0 50.0598,0 0,16.6866 0,33.3732 0,50.0598z"/>
	   <path id="_131189944" fill="#1F1A17" fill-rule="nonzero" d="M930.935 792.788l4.74213 0 0 20.6823c0,3.59173 -0.408661,6.45 -1.2248,8.56654 -0.817323,2.11772 -2.28425,3.83386 -4.40906,5.15906 -2.1248,1.33346 -4.90866,1.99134 -8.35866,1.99134 -3.34961,0 -6.09921,-0.575197 -8.22402,-1.73268 -2.13307,-1.15039 -3.65906,-2.8252 -4.56732,-5.01732 -0.916535,-2.19213 -1.36654,-5.17441 -1.36654,-8.96693l0 -20.6823 4.73386 0 0 20.6575c0,3.10866 0.291732,5.4 0.865748,6.86693 0.575197,1.4752 1.57559,2.60787 2.9752,3.40866 1.40906,0.799606 3.13346,1.2 5.16732,1.2 3.48307,0 5.96575,-0.79252 7.44921,-2.3752 1.4752,-1.57559 2.21693,-4.60866 2.21693,-9.10039l0 -20.6575z"/>
	</g>
 	<!--upgrade -->
 	<g id="140">
		<path id="bounding_rect_0_3" fill="none" d="M1024.37 835.448c-16.6866,0 -33.3732,0 -50.0598,0 0,-16.6866 0,-33.3732 0,-50.0598 16.6866,0 33.3732,0 50.0598,0 0,16.6866 0,33.3732 0,50.0598z"/>
		<path id="_133230584" fill="#1F1A17" fill-rule="nonzero" d="M983.459 813.901l2.89488 -0.454724c0.16063,1.16102 0.616535,2.04921 1.36063,2.67165 0.73937,0.616535 1.77756,0.928346 3.11693,0.928346 1.34409,0 2.34449,-0.27874 2.99409,-0.823228 0.650787,-0.549213 0.977953,-1.19409 0.977953,-1.92756 0,-0.666142 -0.28937,-1.18346 -0.866929,-1.56614 -0.399213,-0.261024 -1.39961,-0.58937 -2.99409,-0.988583 -2.14488,-0.544488 -3.63898,-1.0122 -4.46693,-1.41142 -0.827953,-0.394488 -1.46102,-0.944882 -1.88858,-1.64409 -0.427559,-0.700394 -0.644882,-1.47283 -0.644882,-2.31732 0,-0.772441 0.178346,-1.48346 0.533858,-2.13898 0.349606,-0.661417 0.832677,-1.20472 1.43858,-1.63819 0.455906,-0.334252 1.07835,-0.622441 1.86142,-0.856299 0.788976,-0.232677 1.63346,-0.349606 2.53346,-0.349606 1.35472,0 2.54409,0.199606 3.57165,0.58937 1.02756,0.388583 1.78346,0.916535 2.27244,1.58268 0.488976,0.672047 0.822047,1.56142 1.00512,2.67756l-2.86063 0.394488c-0.133465,-0.888189 -0.511417,-1.58268 -1.13386,-2.08346 -0.62126,-0.499606 -1.50472,-0.75 -2.64331,-0.75 -1.34528,0 -2.30551,0.222047 -2.87835,0.667323 -0.577559,0.444094 -0.866929,0.966142 -0.866929,1.56024 0,0.383858 0.122835,0.722835 0.361417,1.02874 0.238583,0.316535 0.61063,0.571654 1.12205,0.783071 0.294094,0.105118 1.1563,0.355512 2.58898,0.744094 2.07283,0.556299 3.51614,1.0063 4.33346,1.36181 0.822047,0.349606 1.46693,0.865748 1.93346,1.5378 0.466535,0.673228 0.699213,1.50591 0.699213,2.5063 0,0.977953 -0.288189,1.89449 -0.855118,2.76142 -0.571654,0.861024 -1.39488,1.52717 -2.46614,1.99961 -1.07244,0.472441 -2.28898,0.705118 -3.64488,0.705118 -2.25,0 -3.96142,-0.466535 -5.13898,-1.39961 -1.17756,-0.933071 -1.92756,-2.31614 -2.25,-4.15039zm29.6669 -0.405118l3.02717 0.372047c-0.477165,1.77283 -1.36063,3.14409 -2.64921,4.12205 -1.29449,0.972047 -2.94449,1.46102 -4.95,1.46102 -2.52874,0 -4.53425,-0.777165 -6.01181,-2.33268 -1.48346,-1.55551 -2.22165,-3.73937 -2.22165,-6.55039 0,-2.91142 0.75,-5.16614 2.24409,-6.77244 1.5,-1.60512 3.43937,-2.41063 5.82756,-2.41063 2.31142,0 4.2,0.788976 5.66102,2.36102 1.46693,1.57205 2.20039,3.78898 2.20039,6.63898 0,0.177165 -0.00590551,0.438189 -0.0165354,0.783071l-12.8894 0c0.106299,1.90039 0.644882,3.35551 1.61102,4.36063 0.967323,1.0122 2.16732,1.51772 3.61181,1.51772 1.07244,0 1.98898,-0.283465 2.74961,-0.850394 0.76063,-0.561024 1.36063,-1.46102 1.80591,-2.7zm-9.61654 -4.73858l9.64961 0c-0.127559,-1.45039 -0.499606,-2.54528 -1.10551,-3.26693 -0.933071,-1.12795 -2.14488,-1.69488 -3.62835,-1.69488 -1.34409,0 -2.47677,0.45 -3.39331,1.35 -0.917717,0.9 -1.42323,2.10591 -1.52244,3.61181z"/>
	</g>
	<g id="141">
		<path id="bounding_rect_0_3" fill="none" d="M1024.37 835.448c-16.6866,0 -33.3732,0 -50.0598,0 0,-16.6866 0,-33.3732 0,-50.0598 16.6866,0 33.3732,0 50.0598,0 0,16.6866 0,33.3732 0,50.0598z"/>
		<path id="_133230584" fill="#1F1A17" fill-rule="nonzero" d="M983.459 813.901l2.89488 -0.454724c0.16063,1.16102 0.616535,2.04921 1.36063,2.67165 0.73937,0.616535 1.77756,0.928346 3.11693,0.928346 1.34409,0 2.34449,-0.27874 2.99409,-0.823228 0.650787,-0.549213 0.977953,-1.19409 0.977953,-1.92756 0,-0.666142 -0.28937,-1.18346 -0.866929,-1.56614 -0.399213,-0.261024 -1.39961,-0.58937 -2.99409,-0.988583 -2.14488,-0.544488 -3.63898,-1.0122 -4.46693,-1.41142 -0.827953,-0.394488 -1.46102,-0.944882 -1.88858,-1.64409 -0.427559,-0.700394 -0.644882,-1.47283 -0.644882,-2.31732 0,-0.772441 0.178346,-1.48346 0.533858,-2.13898 0.349606,-0.661417 0.832677,-1.20472 1.43858,-1.63819 0.455906,-0.334252 1.07835,-0.622441 1.86142,-0.856299 0.788976,-0.232677 1.63346,-0.349606 2.53346,-0.349606 1.35472,0 2.54409,0.199606 3.57165,0.58937 1.02756,0.388583 1.78346,0.916535 2.27244,1.58268 0.488976,0.672047 0.822047,1.56142 1.00512,2.67756l-2.86063 0.394488c-0.133465,-0.888189 -0.511417,-1.58268 -1.13386,-2.08346 -0.62126,-0.499606 -1.50472,-0.75 -2.64331,-0.75 -1.34528,0 -2.30551,0.222047 -2.87835,0.667323 -0.577559,0.444094 -0.866929,0.966142 -0.866929,1.56024 0,0.383858 0.122835,0.722835 0.361417,1.02874 0.238583,0.316535 0.61063,0.571654 1.12205,0.783071 0.294094,0.105118 1.1563,0.355512 2.58898,0.744094 2.07283,0.556299 3.51614,1.0063 4.33346,1.36181 0.822047,0.349606 1.46693,0.865748 1.93346,1.5378 0.466535,0.673228 0.699213,1.50591 0.699213,2.5063 0,0.977953 -0.288189,1.89449 -0.855118,2.76142 -0.571654,0.861024 -1.39488,1.52717 -2.46614,1.99961 -1.07244,0.472441 -2.28898,0.705118 -3.64488,0.705118 -2.25,0 -3.96142,-0.466535 -5.13898,-1.39961 -1.17756,-0.933071 -1.92756,-2.31614 -2.25,-4.15039zm29.6669 -0.405118l3.02717 0.372047c-0.477165,1.77283 -1.36063,3.14409 -2.64921,4.12205 -1.29449,0.972047 -2.94449,1.46102 -4.95,1.46102 -2.52874,0 -4.53425,-0.777165 -6.01181,-2.33268 -1.48346,-1.55551 -2.22165,-3.73937 -2.22165,-6.55039 0,-2.91142 0.75,-5.16614 2.24409,-6.77244 1.5,-1.60512 3.43937,-2.41063 5.82756,-2.41063 2.31142,0 4.2,0.788976 5.66102,2.36102 1.46693,1.57205 2.20039,3.78898 2.20039,6.63898 0,0.177165 -0.00590551,0.438189 -0.0165354,0.783071l-12.8894 0c0.106299,1.90039 0.644882,3.35551 1.61102,4.36063 0.967323,1.0122 2.16732,1.51772 3.61181,1.51772 1.07244,0 1.98898,-0.283465 2.74961,-0.850394 0.76063,-0.561024 1.36063,-1.46102 1.80591,-2.7zm-9.61654 -4.73858l9.64961 0c-0.127559,-1.45039 -0.499606,-2.54528 -1.10551,-3.26693 -0.933071,-1.12795 -2.14488,-1.69488 -3.62835,-1.69488 -1.34409,0 -2.47677,0.45 -3.39331,1.35 -0.917717,0.9 -1.42323,2.10591 -1.52244,3.61181z"/>
	</g>
	<g id="142">
		<path id="bounding_rect_0_3" fill="none" d="M1024.37 835.448c-16.6866,0 -33.3732,0 -50.0598,0 0,-16.6866 0,-33.3732 0,-50.0598 16.6866,0 33.3732,0 50.0598,0 0,16.6866 0,33.3732 0,50.0598z"/>
		<path id="_133230584" fill="#1F1A17" fill-rule="nonzero" d="M983.459 813.901l2.89488 -0.454724c0.16063,1.16102 0.616535,2.04921 1.36063,2.67165 0.73937,0.616535 1.77756,0.928346 3.11693,0.928346 1.34409,0 2.34449,-0.27874 2.99409,-0.823228 0.650787,-0.549213 0.977953,-1.19409 0.977953,-1.92756 0,-0.666142 -0.28937,-1.18346 -0.866929,-1.56614 -0.399213,-0.261024 -1.39961,-0.58937 -2.99409,-0.988583 -2.14488,-0.544488 -3.63898,-1.0122 -4.46693,-1.41142 -0.827953,-0.394488 -1.46102,-0.944882 -1.88858,-1.64409 -0.427559,-0.700394 -0.644882,-1.47283 -0.644882,-2.31732 0,-0.772441 0.178346,-1.48346 0.533858,-2.13898 0.349606,-0.661417 0.832677,-1.20472 1.43858,-1.63819 0.455906,-0.334252 1.07835,-0.622441 1.86142,-0.856299 0.788976,-0.232677 1.63346,-0.349606 2.53346,-0.349606 1.35472,0 2.54409,0.199606 3.57165,0.58937 1.02756,0.388583 1.78346,0.916535 2.27244,1.58268 0.488976,0.672047 0.822047,1.56142 1.00512,2.67756l-2.86063 0.394488c-0.133465,-0.888189 -0.511417,-1.58268 -1.13386,-2.08346 -0.62126,-0.499606 -1.50472,-0.75 -2.64331,-0.75 -1.34528,0 -2.30551,0.222047 -2.87835,0.667323 -0.577559,0.444094 -0.866929,0.966142 -0.866929,1.56024 0,0.383858 0.122835,0.722835 0.361417,1.02874 0.238583,0.316535 0.61063,0.571654 1.12205,0.783071 0.294094,0.105118 1.1563,0.355512 2.58898,0.744094 2.07283,0.556299 3.51614,1.0063 4.33346,1.36181 0.822047,0.349606 1.46693,0.865748 1.93346,1.5378 0.466535,0.673228 0.699213,1.50591 0.699213,2.5063 0,0.977953 -0.288189,1.89449 -0.855118,2.76142 -0.571654,0.861024 -1.39488,1.52717 -2.46614,1.99961 -1.07244,0.472441 -2.28898,0.705118 -3.64488,0.705118 -2.25,0 -3.96142,-0.466535 -5.13898,-1.39961 -1.17756,-0.933071 -1.92756,-2.31614 -2.25,-4.15039zm29.6669 -0.405118l3.02717 0.372047c-0.477165,1.77283 -1.36063,3.14409 -2.64921,4.12205 -1.29449,0.972047 -2.94449,1.46102 -4.95,1.46102 -2.52874,0 -4.53425,-0.777165 -6.01181,-2.33268 -1.48346,-1.55551 -2.22165,-3.73937 -2.22165,-6.55039 0,-2.91142 0.75,-5.16614 2.24409,-6.77244 1.5,-1.60512 3.43937,-2.41063 5.82756,-2.41063 2.31142,0 4.2,0.788976 5.66102,2.36102 1.46693,1.57205 2.20039,3.78898 2.20039,6.63898 0,0.177165 -0.00590551,0.438189 -0.0165354,0.783071l-12.8894 0c0.106299,1.90039 0.644882,3.35551 1.61102,4.36063 0.967323,1.0122 2.16732,1.51772 3.61181,1.51772 1.07244,0 1.98898,-0.283465 2.74961,-0.850394 0.76063,-0.561024 1.36063,-1.46102 1.80591,-2.7zm-9.61654 -4.73858l9.64961 0c-0.127559,-1.45039 -0.499606,-2.54528 -1.10551,-3.26693 -0.933071,-1.12795 -2.14488,-1.69488 -3.62835,-1.69488 -1.34409,0 -2.47677,0.45 -3.39331,1.35 -0.917717,0.9 -1.42323,2.10591 -1.52244,3.61181z"/>
	</g>


	<g id="150" type="sniper">

	<polygon id="BoundingRect_0" fill="none" points="1324.26,202.857 2318.61,202.857 2318.61,1197.23 1324.26,1197.23 "/>
	<path fill="#CDCD62" stroke="#131516" stroke-width="33.3288" d="M1803.44 972.523c78.0421,0 145.5,-25.3066 201.087,-80.8917 53.8585,-53.8585 80.8917,-118.947 80.8917,-195.263 0,-76.3167 -27.0332,-141.405 -80.8917,-195.263 -53.8585,-53.8585 -118.947,-80.8917 -195.263,-80.8917l-5.82328 0c-73.6135,1.45611 -137.038,28.4893 -189.648,80.8917 -53.8585,53.8585 -80.6838,118.947 -80.6838,195.263 0,76.3167 26.8253,141.405 80.6838,195.263 52.6102,52.6102 116.034,79.4356 189.648,80.8917z"/>
	<polygon fill="#1E342A" stroke="#131516" stroke-width="16.6644" points="2304.7,656.026 1993.08,656.026 1993.08,749.602 2304.7,749.602 "/>
	<path fill="#57633C" stroke="#131516" stroke-width="33.3288" d="M1811.03 892.254l3.95147 0c52.4024,0 97.1121,-18.5079 133.919,-55.5225 37.0146,-37.0146 55.5213,-81.5152 55.5213,-133.918 0,-52.4036 -18.5067,-96.9042 -55.5213,-134.127 -36.8067,-37.0146 -81.5164,-55.3146 -133.919,-55.3146l-3.95147 0c-50.5306,0.832571 -93.7842,19.3393 -129.967,55.3146 -37.0146,37.2224 -55.5213,81.7231 -55.5213,134.127 0,52.4024 18.5067,96.903 55.5213,133.918 36.1832,36.1832 79.4368,54.6911 129.967,55.5225z"/>
	<path fill="#D5DAC3" d="M1773.76 818.028c27.6567,-14.5564 38.8864,-37.0146 33.8957,-67.1667 -6.86251,-43.4614 -32.8565,-62.5928 -77.7728,-56.9774 -27.241,3.32674 -43.8771,18.5067 -49.9082,45.5399 -10.8128,49.4914 9.98141,79.0211 62.385,88.1699 10.605,-0.83139 21.0021,-3.95029 31.4003,-9.56571z"/>
	</g>

	<g id="170">
  <polygon id="BoundingRect_1" fill="none"  points="87.9054,162.079 1359.73,162.079 1359.73,1433.97 87.9054,1433.97 "/>
   <path fill="#CDCD62" stroke="#1E342A" stroke-width="33.3288" d="M397.961 1120.29c89.3886,89.3886 197.675,134.383 324.259,134.383 126.584,0 234.57,-44.9943 323.959,-134.383 89.3886,-89.3886 134.083,-197.375 134.083,-323.959 0,-126.584 -44.6943,-234.87 -134.083,-324.259 -89.3886,-89.3886 -197.375,-134.083 -323.959,-134.083 -126.584,0 -234.87,44.6943 -324.259,134.083 -89.3886,89.3886 -134.083,197.675 -134.083,324.259 0,126.584 44.6943,234.57 134.083,323.959z"/>
   <path fill="#306B9E" stroke="#1E342A" stroke-width="33.3288" d="M376.364 1019.5c-55.193,51.8934 -55.193,107.686 0,167.979 244.469,0 488.638,0 732.807,0l0 -167.979 -176.678 0 -408.848 0 -147.281 0z"/>
   <polygon fill="#E2E5D6" points="396.714,1118.92 396.714,1163.61 1090.83,1163.61 1090.83,1118.92 "/>
   <polygon fill="#57633C" stroke="#1E342A" stroke-width="16.6644" points="993.409,832.874 449.766,832.874 449.766,766.456 993.409,766.456 "/>
   <path fill="#306B9E" stroke="#1E342A" stroke-width="33.3288" d="M376.364 844.61c-55.193,51.8934 -55.193,107.686 0,167.979 244.469,0 488.638,0 732.807,0l0 -167.979 -176.678 0 -408.848 0 -147.281 0z"/>
   <polygon fill="#E2E5D6" points="396.714,944.03 396.714,988.724 1090.83,988.724 1090.83,944.03 "/>
   <path fill="#306B9E" stroke="#1E342A" stroke-width="33.3288" d="M376.364 590.097c-55.193,51.8934 -55.193,107.686 0,167.979 244.469,0 488.638,0 732.807,0l0 -167.979 -176.678 0 -408.848 0 -147.281 0z"/>
   <polygon fill="#E2E5D6" points="396.714,689.517 396.714,734.211 1090.83,734.211 1090.83,689.517 "/>
   <path fill="#306B9E" stroke="#1E342A" stroke-width="33.3288" d="M376.364 415.208c-55.193,51.8934 -55.193,107.686 0,167.979 244.469,0 488.638,0 732.807,0l0 -167.979 -176.678 0 -408.848 0 -147.281 0z"/>
   <polygon fill="#E2E5D6" points="396.714,514.627 396.714,559.321 1090.83,559.321 1090.83,514.627 "/>
		   
	</g>
	
	<g id="180">

		   <polygon id="BoundingRect_7" fill="none"  points="1709.7,2082.58 1393.29,2082.58 1393.29,1766.16 1709.7,1766.16 "/>
		   <path id="_131725424" fill="#CDCD62" stroke="#1E342A" stroke-width="8.3328" d="M1550.36 2047.81l-4.29276 -247.273c-66.4179,1.30968 -121.03,57.1723 -121.03,123.636 0,67.0686 58.1064,122.501 125.323,123.636z"/>
		   <path id="_131374272" fill="#666666" stroke="black" stroke-width="4.1664" stroke-linecap="round" stroke-linejoin="round" d="M1642.33 1906.95c0.765257,-16.0692 4.9163,-87.5133 29.6053,-87.5133 0.372,0 0.838476,0 1.21048,0l0 0c24.0088,3.19684 27.7725,71.5208 28.3027,87.5133 0.414514,17.6564 0.388533,108.659 -28.3027,111.534 -0.372,0.0921143 -0.838476,0.0921143 -1.21048,0.0921143 -29.4659,0 -29.9466,-93.8928 -29.6053,-111.626z"/>
		   <path id="_131517512" fill="#333333" stroke="black" stroke-width="13.4239" stroke-linecap="round" stroke-linejoin="round" d="M1674.45 1977.8c18.1595,0 17.9871,-112.558 0,-112.558 -18.2374,0 -17.8218,112.558 0,112.558z"/>
		   <path id="_131310976" fill="#666666" stroke="black" stroke-width="13.4239" stroke-linecap="round" stroke-linejoin="round" d="M1522.14 2014.76l-2.42095 -181.171c-84.0862,8.07535 -82.6997,177.097 2.42095,181.171z"/>
		   <path id="_132438776" fill="#BFBFBF" d="M1484.53 1943.54c-9.97078,0 -18.0603,8.23242 -18.0603,18.1548 0,10.0464 7.82971,18.5268 18.0603,18.5268 23.9556,0 24.3394,-36.6816 0,-36.6816z"/>
		   <path id="_130206504" fill="#333333" stroke="#1F1A17" stroke-width="4.1664" d="M1639.71 1901.18l-133.779 -20.6041c5.9709,-40.8503 23.2199,-78.3751 53.757,-86.6748 11.7658,2.61463 89.3331,18.7382 105.021,23.5317 -16.3349,17.9517 -23.6061,50.6534 -24.9984,83.7472z"/>
		   <path id="_131418136" fill="#666666" stroke="#1F1A17" stroke-width="4.1664" d="M1506.04 1880.57l133.678 22.1027c-2.35836,56.0728 14.5529,111.374 30.4461,116.306 -16.5593,5.66503 -92.602,29.4199 -112.212,34.6491 -38.8037,-9.21143 -62.5574,-100.24 -51.9123,-173.058z"/>
		   <line id="_130564832" fill="none" stroke="#666666" stroke-width="13.4239" stroke-linecap="round" stroke-linejoin="round" x1="1554.94" y1="1807.39" x2="1642.76" y2= "1828.45" />
		   <line id="_131335248" fill="none" stroke="#BFBFBF" stroke-width="26.8478" stroke-linecap="round" stroke-linejoin="round" x1="1541.32" y1="2010.38" x2="1628.18" y2= "1985.71" />
		   <line id="_131196920" fill="none" stroke="#666666" stroke-width="13.4239" stroke-linecap="round" stroke-linejoin="round" x1="1520.27" y1="1883.81" x2="1625.64" y2= "1900.86" />
		   <path id="_131348752" fill="#444444" d="M1466.9 1893.35c-0.92941,2.1824 -1.44667,4.58091 -1.44667,7.08335 0,10.0464 7.82971,18.5268 18.0603,18.5268 14.3037,0 20.1966,-13.0802 17.4474,-23.619 4.13924,-10.7915 -1.35101,-25.5157 -16.7742,-25.5157 -9.97078,0 -18.0603,8.23242 -18.0603,18.1548 0,1.85882 0.271619,3.66095 0.773524,5.36979z"/>
		 
		 </g>

	<g id="190">
		<polygon id="BoundingRect_8" fill="none" points="1832.05,1741.48 2194.61,1741.48 2194.61,2104.04 1832.05,2104.04 "/>
		<path id="_131897736" fill="#CDCD62" stroke="#131516" stroke-width="12.498" d="M1888.18 1922.4c0,69.1707 56.2216,125.405 125.405,125.405 69.1743,0 125.405,-56.2488 125.405,-125.405 0,-69.2617 -56.1378,-125.405 -125.405,-125.405 -69.2758,0 -125.405,56.1295 -125.405,125.405z"/>
		<path id="_131897352" fill="#306B9E" stroke="black" stroke-width="13.4239" stroke-linecap="round" stroke-linejoin="round" d="M1996.64 2025.74l0 -206.402c-49.0237,2.39143 -70.569,62.0827 -70.569,103.248 0,41.227 21.5063,100.761 70.569,103.154z"/>
		<path id="_131896600" fill="#E2E5D6" d="M1968.71 1993.71c9.86804,7.91356 14.8965,3.53813 15.0819,-13.1263 0.159429,-9.47832 4.18884,-32.8659 -4.18884,-40.685 -7.4459,-6.94872 -35.8443,-3.88297 -35.8443,9.03074 0,16.8038 12.3634,34.8983 24.9512,44.7805z"/>
		<polygon id="_131896096" fill="#1E342A" stroke="#1F1A17" stroke-width="0.899886" points="2193.56,1878.89 1995.2,1878.89 1995.2,1831.84 2193.56,1831.84 "/>
		<polygon id="_131895592" fill="#1E342A" stroke="#1F1A17" stroke-width="0.899886" points="2193.56,1946.22 1995.2,1946.22 1995.2,1899.16 2193.56,1899.16 "/>
		<polygon id="_131895088" fill="#1E342A" stroke="#1F1A17" stroke-width="0.899886" points="2193.56,2017.89 1995.2,2017.89 1995.2,1970.83 2193.56,1970.83 "/>
	</g>
	<g id="200">
		<polygon id="BoundingRect_11" fill="none" points="1743.85,2636.1 1366.75,2636.1 1366.75,2259 1743.85,2259 "/>
	   <path id="_130965480" fill="#E2E5D6" stroke="black" stroke-width="13.4239" stroke-linecap="round" stroke-linejoin="round" d="M1555.26 2305.16c-78.5593,0 -142.35,63.925 -142.35,142.443 0,78.5133 63.8352,142.348 142.35,142.348 78.5168,0 142.442,-63.7903 142.442,-142.348 0,-78.5629 -63.8801,-142.443 -142.442,-142.443z"/>
	   <polygon id="_131885568" fill="#666666" stroke="black" stroke-width="13.4239" stroke-linecap="round" stroke-linejoin="round" points="1521.46,2413.8 1588.87,2412.81 1568.11,2266.89 1539.8,2266.89 "/>
	   <polygon id="_130928688" fill="#666666" stroke="black" stroke-width="13.4239" stroke-linecap="round" stroke-linejoin="round" points="1589.05,2413.71 1590.05,2481.11 1735.96,2460.35 1735.96,2432.05 "/>
	   <polygon id="_130597184" fill="#666666" stroke="black" stroke-width="13.4239" stroke-linecap="round" stroke-linejoin="round" points="1589.15,2481.3 1521.74,2482.3 1542.5,2628.21 1570.8,2628.21 "/>
	   <polygon id="_131206296" fill="#666666" stroke="black" stroke-width="13.4239" stroke-linecap="round" stroke-linejoin="round" points="1521.56,2481.39 1520.56,2413.99 1374.64,2434.75 1374.64,2463.05 "/>
	   <path id="_131202376" fill="#C0CFD9" stroke="black" stroke-width="13.4239" stroke-linecap="round" stroke-linejoin="round" d="M1556.56 2347.61c-53.9258,0 -97.6624,43.7366 -97.6624,97.6624 0,53.8963 43.7519,97.6612 97.6624,97.6612 53.9447,0 97.5679,-43.7626 97.5679,-97.6612 0,-53.9282 -43.6078,-97.6624 -97.5679,-97.6624z"/>
	</g>
	<g id="210">
	<polygon id="BoundingRect_13" fill="none"  points="2143.04,2576.68 1880.93,2576.68 1880.93,2314.57 2143.04,2314.57 "/>
   <path id="_131374296" fill="#E2E5D6" stroke="#1F1A17" stroke-width="12.498" d="M2011.99 2321.77c68.3913,0 123.854,55.4622 123.854,123.852 0,68.3913 -55.4622,123.854 -123.854,123.854 -68.3901,0 -123.852,-55.4622 -123.852,-123.854 0,-68.3901 55.4622,-123.852 123.852,-123.852z"/>
   <path id="_131489968" fill="#E15520" d="M2011.99 2362.99c45.6273,0 82.6301,37.0016 82.6301,82.6289 0,45.6273 -37.0028,82.6301 -82.6301,82.6301 -45.6273,0 -82.6289,-37.0028 -82.6289,-82.6301 0,-45.6273 37.0016,-82.6289 82.6289,-82.6289z"/>
   <path id="_131202136" fill="none" stroke="#1E342A" stroke-width="12.498" d="M2011.99 2383.3c34.4153,0 62.3259,27.9106 62.3259,62.3259 0,34.4153 -27.9106,62.3259 -62.3259,62.3259 -34.4153,0 -62.3259,-27.9106 -62.3259,-62.3259 0,-34.4153 27.9106,-62.3259 62.3259,-62.3259z"/>
	</g>
	<g id="220">
	   <polygon id="BoundingRect_14" fill="none" points="1247.88,732.788 1049.16,732.788 1049.16,534.067 1247.88,534.067 "/>
	   <path id="_131369456" fill="#BDCED6" stroke="#131516" stroke-width="4.1664" d="M1148.52 537.381c53.0366,0 96.0469,43.0103 96.0469,96.0469 0,53.0366 -43.0103,96.0469 -96.0469,96.0469 -53.0366,0 -96.0469,-43.0103 -96.0469,-96.0469 0,-53.0366 43.0103,-96.0469 96.0469,-96.0469z"/>
	   <path id="_131812896" fill="#92BDD6" stroke="#131516" stroke-width="4.1664" d="M1148.52 557.389c27.8823,37.0158 21.8949,118.418 0,152.076 -41.9876,0 -76.038,-34.0504 -76.038,-76.038 0,-41.9876 34.0504,-76.038 76.038,-76.038z"/>
	   <path id="_132418472" fill="#BDCED6" stroke="#131516" stroke-width="4.1664" d="M1148.49 559.059c27.2694,36.2033 21.413,115.817 0,148.736 -27.5245,-33.2674 -29.0408,-112.533 0,-148.736z"/>
	   <path id="_131385176" fill="#E26421" stroke="#131516" stroke-width="4.1664" d="M1216.55 615.414c9.94598,0 18.0131,8.06709 18.0131,18.0131 0,9.94598 -8.06709,18.0131 -18.0131,18.0131 -9.94716,0 -18.0131,-8.06709 -18.0131,-18.0131 0,-9.94598 8.0659,-18.0131 18.0131,-18.0131z"/>
	   <line id="_132342024" fill="none" stroke="#1F1A17" stroke-width="4.1664" x1="1130.52" y1="602.072" x2="1199.55" y2= "633.086" />
	   <line id="_132344400" fill="none" stroke="#1F1A17" stroke-width="4.1664" x1="1129.52" y1="668.101" x2="1198.55" y2= "637.087" />
	   <line id="_132417824" fill="none" stroke="#1F1A17" stroke-width="4.1664" x1="1127.51" y1="636.087" x2="1198.55" y2= "637.087" />
	   <path id="_131885840" fill="white" d="M1121.94 578.58c0,0 -57.6683,28.1138 -29.5545,51.1813 35.3211,6.48697 29.5545,-51.1813 29.5545,-51.1813z"/>
	  </g>
	
	
  <g id="250">
    <path
       id="bounding_rect_0"
       d="M -43.2746,-71.674 C -37.84196,-71.674 -32.4093,-71.674 -26.9764,-71.674 C -26.9764,-66.24419 -26.9764,-60.8141 -26.9764,-55.384 C -32.40932,-55.384 -37.842,-55.384 -43.2746,-55.384 C -43.2746,-60.81409 -43.2746,-66.2442 -43.2746,-71.674 z "
       style="fill:none" />
    <path
       d="M -31.87749,-69.58598 C -26.44485,-69.58598 -34.410319,-69.498979 -28.977419,-69.498979 C -28.977419,-64.069169 -29.06442,-62.293114 -29.06442,-56.863014 C -34.49734,-56.863014 -26.531891,-56.863014 -31.964491,-56.863014 C -31.964491,-62.293104 -31.87749,-64.15618 -31.87749,-69.58598 z "
       id="path8"
       style="fill:black"
       />
    <path
       d="M -40.925578,-69.672981 C -35.492938,-69.672981 -43.458407,-69.672981 -38.025507,-69.672981 C -38.025507,-64.243171 -38.112507,-61.85811 -38.112507,-56.42801 C -43.545427,-56.42801 -35.492977,-56.42801 -40.925577,-56.42801 C -40.925577,-61.8581 -40.925578,-64.243181 -40.925578,-69.672981 z "
       id="path10"
       style="fill:black"
       />
  </g>

  <g id="251">
        <path
       id="bounding_rect_0"
       d="M -43.2746,-71.674 C -37.84196,-71.674 -32.4093,-71.674 -26.9764,-71.674 C -26.9764,-66.24419 -26.9764,-60.8141 -26.9764,-55.384 C -32.40932,-55.384 -37.842,-55.384 -43.2746,-55.384 C -43.2746,-60.81409 -43.2746,-66.2442 -43.2746,-71.674 z "
       style="fill:none" />
    <path
       d="M -31.87749,-69.58598 C -26.44485,-69.58598 -34.410319,-69.498979 -28.977419,-69.498979 C -28.977419,-64.069169 -29.06442,-62.293114 -29.06442,-56.863014 C -34.49734,-56.863014 -26.531891,-56.863014 -31.964491,-56.863014 C -31.964491,-62.293104 -31.87749,-64.15618 -31.87749,-69.58598 z "
       id="path8"
       style="fill:black"
       />
    <path
       d="M -40.925578,-69.672981 C -35.492938,-69.672981 -43.458407,-69.672981 -38.025507,-69.672981 C -38.025507,-64.243171 -38.112507,-61.85811 -38.112507,-56.42801 C -43.545427,-56.42801 -35.492977,-56.42801 -40.925577,-56.42801 C -40.925577,-61.8581 -40.925578,-64.243181 -40.925578,-69.672981 z "
       id="path10"
       style="fill:black"
       />
  </g>

  
   <g id="252">
    <path
       id="bounding_rect_0"
       fill="none"
       d="M-43.2746 -71.674c5.43264,0 10.8653,0 16.2982,0 0,5.42981 0,10.8599 0,16.29 -5.43292,0 -10.8656,0 -16.2982,0 0,-5.43009 0,-10.8602 0,-16.29z" />
    <path
       fill="#1F1A17"
       d="M -40.563985,-70.703006 L -28.035863,-63.049309 L -40.526602,-56.524246 C -40.528095,-59.947167 -40.726896,-67.35618 -40.563985,-70.703006 z "
       />
  </g>
   <g id="253">
    <path
       id="bounding_rect_0"
       fill="none"
       d="M-43.2746 -71.674c5.43264,0 10.8653,0 16.2982,0 0,5.42981 0,10.8599 0,16.29 -5.43292,0 -10.8656,0 -16.2982,0 0,-5.43009 0,-10.8602 0,-16.29z" />
    <path
       fill="#1F1A17"
       d="M -40.563985,-70.703006 L -28.035863,-63.049309 L -40.526602,-56.524246 C -40.528095,-59.947167 -40.726896,-67.35618 -40.563985,-70.703006 z "
       />
  </g>
	
	
 <g id="254">
    <path
       id="bounding_rect_0"
       fill="none"
       d="M-43.2746 -71.674c5.43264,0 10.8653,0 16.2982,0 0,5.42981 0,10.8599 0,16.29 -5.43292,0 -10.8656,0 -16.2982,0 0,-5.43009 0,-10.8602 0,-16.29z" />
    <path
       fill="#1F1A17"
       d="M -40.563985,-70.703006 L -34.99593,-63.049309 L -40.526602,-56.524246 C -40.528095,-59.947167 -40.726896,-67.35618 -40.563985,-70.703006 z "
       id="path8"
       />
    <path
       fill="#1F1A17"
       d="M -33.429916,-70.355002 L -28.470867,-63.049309 L -33.566534,-56.872249 C -33.568027,-60.29517 -33.592827,-67.008176 -33.429916,-70.355002 z "
       id="path9"
       />
  </g>	
<g id="255">
    <path
       id="bounding_rect_0"
       fill="none"
       d="M-43.2746 -71.674c5.43264,0 10.8653,0 16.2982,0 0,5.42981 0,10.8599 0,16.29 -5.43292,0 -10.8656,0 -16.2982,0 0,-5.43009 0,-10.8602 0,-16.29z" />
    <path
       fill="#1F1A17"
       d="M -40.563985,-70.703006 L -34.99593,-63.049309 L -40.526602,-56.524246 C -40.528095,-59.947167 -40.726896,-67.35618 -40.563985,-70.703006 z "
       id="path8"
       />
    <path
       fill="#1F1A17"
       d="M -33.429916,-70.355002 L -28.470867,-63.049309 L -33.566534,-56.872249 C -33.568027,-60.29517 -33.592827,-67.008176 -33.429916,-70.355002 z "
       id="path9"
       />
  </g>	

  
</svg>	