0
7,3078
1,24
8,29,501
1,10
2
1,72
8,30,502
1,200
8,31,503
1,30
8,32,504
1,100
8,33,505
1,50
8,34,506
1,20
6,16,7
3,16,7,0
1,10
6,14,7
3,14,7,0
1,10
6,12,7
3,12,7,0
1,5
8,35,507
1,5
6,10,7
3,10,7,0
1,15
6,8,6
3,8,6,0
1,20
6,17,5
3,17,5,0
1,15
6,18,3
3,18,3,0
1,15
6,18,1
3,18,1,0
1,36
6,6,1
3,6,1,0
1,7
2
1,9
6,6,3
3,6,3,0
1,200
8,36,508
1,257
6,5,5
3,5,5,0
1,24
6,5,7
3,5,7,0
1,26
6,6,9
3,6,9,0
1,25
6,8,10
3,8,10,0
1,12
6,10,11
3,10,11,0
1,18
6,12,11
3,12,11,0
1,36
6,14,11
3,14,11,0
1,4
2
1,18
6,16,10
3,16,10,0
1,21
6,18,7
3,18,7,0
1,24
6,19,9
3,19,9,0
1,21
6,19,11
3,19,11,0
1,33
6,16,12
3,16,12,0
1,22
6,19,13
3,19,13,0
1,24
6,18,15
3,18,15,0
1,21
6,16,16
3,16,16,0
1,14
6,14,16
3,14,16,0
1,10
8,37,509
1,10
6,12,16
3,12,16,0
1,19
6,10,16
3,10,16,0
1,10
6,8,16
3,8,16,0
1,49
6,6,15
3,6,15,0
1,30
2
1,27
6,14,7
1,8
8,38,510
1,3
5,14,7
1,30
5,14,7
1,268
2
1,104
6,12,7
1,15
5,12,7
1,43
5,12,7
1,101
8,39,511
1,100
6,16,7
1,76
4,16,7
1,22
6,16,7
3,16,7,1
1,42
8,40,512
1,12
2
1,400
4,8,6
1,18
8,41,513
1,10
2
1,9
6,8,6
3,8,6,5
1,124
6,10,11
1,57
4,10,11
1,39
6,10,11
3,10,11,2
1,35
6,10,11
1,11
5,10,11
1,43
6,12,11
1,41
4,12,11
1,60
6,12,11
3,12,11,0
1,10
2
1,20
2
1,20
8,42,514
1,237
6,12,3
3,12,3,4
1,27
2
1,60
6,12,11
1,34
6,10,7
1,127
4,10,7
1,41
6,10,7
3,10,7,6
1,58
6,12,11
1,13
4,12,11
1,39
6,12,11
3,12,11,3
1,79
6,8,6
1,21
2
1,2
2
1,2
2
1,2
2
1,2
2
1,500
2
1,147
6,9,7
1,20
6,10,8
1,14
5,10,7
1,20
8,43,515
1,13
5,10,7
1,153
2
1,116
6,13,8
1,23
6,13,9
1,22
6,10,11
1,5
8,44,516
1,10
5,10,11
1,92
6,14,11
1,10
5,14,11
1,29
5,14,11
1,51
5,14,11
1,153
2
1,10
2
1,61
6,12,3
1,9
5,12,3
1,20
8,45,517
1,20
8,46,518
1,20
8,47,519
1,20
8,48,520
1,112
2
1,44
6,25,-2
1,4
6,25,-2
1,260
